111.49
105.97
105.81
107.79
112.32
113.76
113.89
117.62
114.54
116.82
117.15
117.19
114.84
111.16
106.39
106.72
109.76
106.03
107.14
111.54
111.49
112.24
117.97
115.83
112.01
111.70
108.96
108.74
113.26
114.57
118.78
119.35
115.68
114.02
111.35
110.37
111.78
109.03
113.81
113.90
114.34
107.90
107.51
105.02
113.06
114.22
116.32
114.86
115.13
118.08
118.19
117.47
117.30
116.63
119.70
118.84
121.68
122.08
121.70
119.55
120.17
117.21
114.24
113.86
113.69
116.65
110.34
109.42
108.94
108.22
109.74
107.85
106.81
109.45
108.38
110.65
110.86
104.32
105.00
102.91
102.80
103.07
101.14
99.28
100.14
98.74
98.17
97.50
100.05
97.42
95.65
98.64
101.64
101.43
101.42
98.68
97.86
97.18
97.56
99.06
96.56
99.97
100.77
99.63
99.97
101.13
102.52
104.48
94.93
92.22
96.29
94.51
90.47
86.97
83.43
86.58
88.49
88.90
87.32
93.94
96.41
95.70
98.44
98.85
98.36
97.43
95.60
97.05
98.46
97.46
96.05
95.19
100.99
100.99
100.44
99.48
96.98
94.94
93.71
92.83
93.31
95.63
95.07
90.86
90.26
88.44
89.02
89.58
87.76
89.23
87.39
86.02
88.45
88.23
89.12
88.08
86.20
87.34
88.02
88.42
91.52
91.13
92.12
91.29
91.12
93.05
98.02
99.79
97.70
95.22
97.52
99.37
96.94
98.84
100.43
107.74
104.78
102.90
107.64
99.37
95.01
94.57
94.61
94.68
96.94
95.51
94.35
91.79
91.65
90.89
89.13
89.87
90.06
90.36
92.00
93.65
95.13
93.86
94.25
92.32
90.63
91.11
93.97
96.11
100.32
101.62
101.22
104.92
103.37
105.60
105.44
102.46
101.03
101.39
100.89
103.73
104.36
104.72
104.47
108.42
106.44
105.35
104.64
107.43
108.87
105.97
104.50
104.18
105.29
105.41
105.97
103.85
103.71
107.59
107.34
107.20
105.32
105.41
104.69
105.57
107.77
107.35
111.75
116.57
117.51
116.51
119.51
120.84
122.83
122.76
124.96