397.37
405.31
415.26
412.93
409.59
417.39
410.54
411.79
415.74
411.22
401.44
389.80
375.00
373.87
379.20
366.65
365.86
375.07
374.39
378.06
390.08
388.59
380.65
380.34
377.25
381.24
381.96
383.25
388.99
388.67
384.23
380.83
378.83
377.91
385.13
381.95
392.27
394.77
398.79
395.09
395.57
390.89
401.04
406.07
411.99
410.77
408.06
414.45
414.17
413.47
412.99
411.35
419.99
419.99
427.10
428.86
429.70
426.65
427.89
422.14
413.35
412.35
413.67
419.51
405.31
402.63
398.21
395.18
396.42
392.24
390.76
397.78
400.38
406.60
410.97
393.10
394.60
390.12
385.56
388.55
384.09
377.39
374.22
367.95
364.31
363.38
370.53
362.79
357.18
366.61
377.97
377.09
373.20
362.79
360.02
357.74
356.56
365.97
357.63
366.82
371.13
368.50
365.41
374.29
378.87
384.92
382.02
379.98
389.02
386.21
384.52
374.87
371.01
376.35
379.95
382.00
374.13
394.69
398.51
395.12
398.49
395.45
394.24
396.03
394.59
399.90
402.42
402.33
395.91
395.23
407.68
407.38
406.91
399.59
393.83
393.16
396.24
393.28
398.95
401.97
399.40
389.63
383.27
380.02
380.54
386.23
380.72
382.91
381.40
376.66
383.44
382.43
380.82
383.76
379.38
388.08
387.86
390.58
395.52
396.96
398.50
397.77
391.49
388.64
395.88
400.63
400.20
400.35
404.75
405.68
400.59
406.48
410.80
416.78
412.35
409.83
415.19
410.65
407.09
408.04
412.83
412.64
413.98
408.28
407.26
399.09
398.54
400.66
396.38
397.73
396.26
394.74
397.81
404.19
404.47
398.27
398.92
391.56
385.91
385.36
391.73
389.28
396.11
389.99
393.74
398.91
392.11
393.17
395.75
396.49
395.60
401.35
403.70
409.39
410.95
408.67
407.60
409.19
409.61
409.72
408.05
413.47
412.46
413.94
414.21
414.14
411.88
412.20
412.63
406.08
404.36
412.41
415.93
415.51
410.84
408.02
405.13
412.63
412.74
410.93
412.85
412.13
411.59
413.01
410.25
415.23
419.23
418.62
418.79
414.09
411.09
414.65