28.38
26.61
27.67
29.99
32.93
32.69
31.93
34.52
31.79
32.18
32.97
32.29
29.66
26.50
22.83
22.98
24.63
21.62
22.42
24.11
24.02
25.05
27.67
27.02
24.56
24.61
23.74
24.12
25.37
25.85
27.46
27.59
25.82
25.07
24.91
25.17
26.50
25.88
28.15
29.56
30.82
29.21
28.77
27.03
30.40
31.27
33.00
32.95
32.64
35.25
35.75
34.90
34.55
33.36
36.10
35.56
37.56
38.46
38.22
36.89
37.14
34.96
32.21
32.11
32.35
34.05
29.91
28.99
28.02
27.51
27.54
26.39
25.79
27.31
27.75
29.51
30.59
25.56
26.13
24.82
24.33
24.91
24.32
22.99
22.14
21.08
20.79
20.81
22.03
20.17
19.11
20.43
22.33
22.33
21.77
19.29
18.68
17.94
17.90
19.10
17.38
19.09
19.56
19.33
19.00
20.35
21.04
22.30
20.83
19.68
21.46
20.72
20.08
18.00
16.96
17.75
18.32
18.71
17.41
21.22
22.42
21.83
22.71
21.79
21.62
21.60
20.95
21.83
22.48
22.02
21.05
20.54
23.30
23.43
23.15
21.99
20.59
20.35
21.07
20.66
21.41
22.09
21.56
19.43
18.85
18.07
17.99
18.77
17.44
17.49
16.74
16.07
17.20
17.20
16.81
17.07
16.27
17.54
17.91
18.38
19.30
19.60
19.98
20.09
19.35
18.74
20.27
21.60
21.47
21.32
22.55
23.19
21.80
22.78
24.25
26.75
25.37
24.73
26.26
24.85
24.18
23.68
24.81
25.34
25.91
24.43
23.90
22.22
22.24
22.80
21.64
22.11
22.00
21.46
21.98
23.32
23.42
22.55
22.86
21.65
20.76
21.21
22.65
22.98
24.80
24.43
24.69
25.73
24.68
25.56
25.82
25.29
24.87
26.23
26.94
28.26
28.06
27.78
26.89
27.43
27.37
26.84
26.13
27.63
27.47
27.50
27.52
27.46
26.82
26.87
26.71
25.20
25.62
27.69
28.25
28.17
27.42
26.88
26.58
28.21
28.44
27.89
28.79
29.03
28.73
29.17
29.28
30.33
31.96
31.74
32.05