142.26
139.53
139.69
142.93
148.75
147.96
147.83
150.31
144.52
145.27
147.83
147.08
141.79
136.32
131.10
131.97
134.63
129.29
130.78
135.06
134.55
137.45
140.82
140.82
136.62
138.40
135.91
138.11
140.72
142.07
145.48
146.17
144.01
144.99
144.63
147.59
149.28
146.20
150.10
152.13
154.43
153.18
152.04
150.70
155.86
156.42
161.55
160.55
159.06
165.14
164.83
164.60
164.12
164.17
168.47
167.72
171.32
172.40
172.24
173.75
173.36
170.74
166.81
166.47
166.77
169.26
162.87
160.64
158.19
156.50
157.24
155.10
153.83
155.25
153.76
156.65
162.69
153.14
154.60
151.68
150.01
153.78
156.19
153.02
152.04
149.74
150.08
151.07
149.16
141.83
137.57
141.80
145.43
145.73
144.77
139.45
139.78
138.35
137.71
142.34
137.75
141.76
143.10
143.20
142.74
146.60
148.77
151.65
148.67
144.14
155.03
152.64
149.96
144.37
138.25
137.98
138.52
139.09
134.48
146.44
149.27
147.85
149.60
148.36
150.28
150.85
147.58
149.74
150.63
147.68
143.80
140.76
147.60
147.88
147.38
146.20
142.50
140.53
142.24
141.75
144.07
145.05
142.79
136.10
134.12
131.99
131.92
135.06
131.85
131.48
129.65
125.67
129.23
129.55
124.71
125.99
124.66
129.24
129.77
130.35
133.10
133.02
134.37
135.55
134.82
134.88
137.47
140.70
142.12
141.45
143.54
145.51
142.58
143.87
145.01
150.38
154.05
151.29
154.20
151.48
150.43
150.80
153.64
152.99
155.12
153.50
152.34
148.27
148.70
149.19
146.51
147.72
147.21
145.11
145.71
150.82
153.62
151.39
152.66
150.38
148.29
150.26
152.38
152.78
155.63
154.79
157.18
159.06
157.61
158.71
160.03
158.06
157.43
160.55
162.14
164.67
165.94
165.40
163.53
164.43
161.81
160.58
159.88
165.33
164.98
165.00
166.24
167.40
166.42
164.79
165.10
163.54
163.53
168.18
169.45
169.36
168.31
167.22
165.56
173.33
173.26
171.53
173.32
173.51
172.57
172.07
172.07
172.69
175.05
175.16
174.25